in .venv\Lib\site-packages\pytorch_lightning\loops\epoch\training_epoch_loop.py

line 470


self.trainer._logger_connector._callback_metrics.update({
        'train_p': 22.0,
        'batch_size': 22.0,
        'val_size': 22.0,
        'train_loss': 0.7079364657402039,
        'lr': 0.0003000000142492354,
        'val_loss': 0.6881667971611023,
        'metric_to_track': 0.6881667971611023,
        'epoch': 0,
        'step': 0
    })